-0.0139265526086092, -0.7358614206314087, -2.6031885147094727,  0, 1.57, 0
-0.028262998908758163, -0.7492345571517944, -2.5853490829467773,  0, 1.57, 0
-0.04212186858057976, -0.7634725570678711, -2.567176103591919,  0, 1.57, 0
-0.05630359798669815, -0.7778756618499756, -2.5489416122436523,  0, 1.57, 0
-0.07115130871534348, -0.7924334406852722, -2.530758857727051,  0, 1.57, 0
-0.086217001080513, -0.8073291778564453, -2.5126960277557373,  0, 1.57, 0
-0.1015164852142334, -0.822467029094696, -2.494764566421509,  0, 1.57, 0
-0.11735444515943527, -0.8377105593681335, -2.4768905639648438,  0, 1.57, 0
-0.1334521323442459, -0.8532087802886963, -2.459131956100464,  0, 1.57, 0
-0.1497175544500351, -0.8689752817153931, -2.44148325920105,  0, 1.57, 0
-0.16631217300891876, -0.8849397897720337, -2.4239346981048584,  0, 1.57, 0
-0.18317675590515137, -0.9011489748954773, -2.4064862728118896,  0, 1.57, 0
-0.20019316673278809, -0.917606770992279, -2.389129161834717,  0, 1.57, 0
-0.21739253401756287, -0.9342586994171143, -2.3718621730804443,  0, 1.57, 0
-0.23475131392478943, -0.9510968327522278, -2.354688882827759,  0, 1.57, 0
-0.2521800696849823, -0.9681170582771301, -2.337601661682129,  0, 1.57, 0
-0.2696693241596222, -0.9853085279464722, -2.3206024169921875,  0, 1.57, 0
-0.28721001744270325, -1.002695083618164, -2.3037009239196777,  0, 1.57, 0
-0.3047522306442261, -1.0202841758728027, -2.2868919372558594,  0, 1.57, 0
-0.32227852940559387, -1.0380632877349854, -2.270172119140625,  0, 1.57, 0
-0.3397691249847412, -1.055999994277954, -2.253549575805664,  0, 1.57, 0
-0.3571712076663971, -1.0740809440612793, -2.23704195022583,  0, 1.57, 0
-0.3744492530822754, -1.0922948122024536, -2.220674991607666,  0, 1.57, 0
-0.3915746808052063, -1.1106228828430176, -2.2044544219970703,  0, 1.57, 0
-0.4085468649864197, -1.1290721893310547, -2.1883795261383057,  0, 1.57, 0
-0.42537376284599304, -1.1476542949676514, -2.172415018081665,  0, 1.57, 0
-0.4420762360095978, -1.1663775444030762, -2.156540632247925,  0, 1.57, 0
-0.4586356580257416, -1.1852574348449707, -2.140760898590088,  0, 1.57, 0
-0.47504764795303345, -1.2042847871780396, -2.1250829696655273,  0, 1.57, 0
-0.4913172721862793, -1.223446011543274, -2.1095306873321533,  0, 1.57, 0
-0.5074540972709656, -1.24273681640625, -2.094120502471924,  0, 1.57, 0
-0.5234839916229248, -1.2621538639068604, -2.078864812850952,  0, 1.57, 0
-0.5394375324249268, -1.2816946506500244, -2.06377911567688,  0, 1.57, 0
-0.555351972579956, -1.3013547658920288, -2.048875093460083,  0, 1.57, 0
-0.5712816119194031, -1.321136713027954, -2.034151077270508,  0, 1.57, 0
-0.5872578620910645, -1.3410444259643555, -2.019595146179199,  0, 1.57, 0
-0.6033220291137695, -1.3610806465148926, -2.0051984786987305,  0, 1.57, 0
-0.6195078492164612, -1.381249189376831, -1.9909491539001465,  0, 1.57, 0
-0.6358447670936584, -1.4015498161315918, -1.9768447875976562,  0, 1.57, 0
-0.6523752808570862, -1.4219727516174316, -1.9629004001617432,  0, 1.57, 0
-0.6691702008247375, -1.4424898624420166, -1.9491724967956543,  0, 1.57, 0
-0.6863106489181519, -1.463073968887329, -1.9358766078948975,  0, 1.57, 0
-0.7038453221321106, -1.4837309122085571, -1.9230906963348389,  0, 1.57, 0
-0.7217807173728943, -1.504538655281067, -1.9104605913162231,  0, 1.57, 0
-0.7418779134750366, -1.5055190324783325, -1.8921849727630615,  0, 1.57, 0
-0.7617441415786743, -1.505795955657959, -1.8736436367034912,  0, 1.57, 0
-0.7817433476448059, -1.505932331085205, -1.8549799919128418,  0, 1.57, 0
-0.7858050465583801, -1.5065308809280396, -1.8377792835235596,  0, 1.57, 0
-0.7845953106880188, -1.508430004119873, -1.8328680992126465,  0, 1.57, 0
-0.784714937210083, -1.5083420276641846, -1.8331868648529053,  0, 1.57, 0
-0.7842451333999634, -1.5083236694335938, -1.833048701286316,  0, 1.57, 0
-0.7843033671379089, -1.5083261728286743, -1.83303701877594,  0, 1.57, 0
-0.7843331694602966, -1.508306622505188, -1.8330367803573608,  0, 1.57, 0
-0.7843428254127502, -1.508293867111206, -1.8330320119857788,  0, 1.57, 0
-0.7843347787857056, -1.5082863569259644, -1.8330239057540894,  0, 1.57, 0
-0.7843469977378845, -1.5083050727844238, -1.8329954147338867,  0, 1.57, 0
-0.7841902375221252, -1.508305549621582, -1.8328739404678345,  0, 1.57, 0
-0.7842162251472473, -1.5083075761795044, -1.8329048156738281,  0, 1.57, 0
-0.7842158675193787, -1.508311152458191, -1.832902431488037,  0, 1.57, 0
-0.7842005491256714, -1.5083117485046387, -1.832900047302246,  0, 1.57, 0
-0.7842110991477966, -1.5083140134811401, -1.8329044580459595,  0, 1.57, 0
-0.7842057347297668, -1.508313536643982, -1.8329033851623535,  0, 1.57, 0
-0.784207820892334, -1.5083140134811401, -1.8329050540924072,  0, 1.57, 0
-0.784207284450531, -1.5083153247833252, -1.8329029083251953,  0, 1.57, 0
-0.7842074036598206, -1.5083163976669312, -1.8329036235809326,  0, 1.57, 0
-0.784206211566925, -1.5083149671554565, -1.8329042196273804,  0, 1.57, 0
-0.7842076420783997, -1.508317232131958, -1.8329029083251953,  0, 1.57, 0
-0.7842068672180176, -1.5083154439926147, -1.8329038619995117,  0, 1.57, 0
-0.7842068672180176, -1.508315086364746, -1.8329039812088013,  0, 1.57, 0
-0.7842071056365967, -1.5083147287368774, -1.8329033851623535,  0, 1.57, 0
-0.7842068672180176, -1.5083142518997192, -1.8329036235809326,  0, 1.57, 0
-0.7842077612876892, -1.508316159248352, -1.8329033851623535,  0, 1.57, 0
-0.7842074036598206, -1.5083166360855103, -1.832901954650879,  0, 1.57, 0
-0.7842075228691101, -1.5083154439926147, -1.832903265953064,  0, 1.57, 0
-0.784207820892334, -1.508315086364746, -1.8329026699066162,  0, 1.57, 0
-0.7842070460319519, -1.5083131790161133, -1.832903504371643,  0, 1.57, 0
-0.7842075824737549, -1.5083144903182983, -1.832903504371643,  0, 1.57, 0
-0.7842071652412415, -1.5083160400390625, -1.8329029083251953,  0, 1.57, 0
-0.7842068672180176, -1.5083154439926147, -1.832903504371643,  0, 1.57, 0
-0.7842074632644653, -1.508314847946167, -1.8329037427902222,  0, 1.57, 0
-0.7842073440551758, -1.5083165168762207, -1.8329030275344849,  0, 1.57, 0
-0.7842068672180176, -1.5083154439926147, -1.8329042196273804,  0, 1.57, 0
-0.7842074036598206, -1.5083173513412476, -1.8329023122787476,  0, 1.57, 0
-0.7842068076133728, -1.508314847946167, -1.83290433883667,  0, 1.57, 0
-0.7842066884040833, -1.5083143711090088, -1.8329031467437744,  0, 1.57, 0
-0.7842071056365967, -1.5083143711090088, -1.832903504371643,  0, 1.57, 0
-0.784207284450531, -1.5083132982254028, -1.832903504371643,  0, 1.57, 0
-0.784207284450531, -1.5083153247833252, -1.8329030275344849,  0, 1.57, 0
-0.7842075228691101, -1.5083160400390625, -1.8329027891159058,  0, 1.57, 0
-0.7842065691947937, -1.508313775062561, -1.8329041004180908,  0, 1.57, 0
-0.7842079401016235, -1.5083144903182983, -1.832903265953064,  0, 1.57, 0
-0.7842069864273071, -1.5083143711090088, -1.832903504371643,  0, 1.57, 0
-0.7842075228691101, -1.508315920829773, -1.832903504371643,  0, 1.57, 0
-0.7842069268226624, -1.5083144903182983, -1.832903504371643,  0, 1.57, 0
-0.7842073440551758, -1.5083154439926147, -1.8329036235809326,  0, 1.57, 0
-0.7842065691947937, -1.5083147287368774, -1.8329033851623535,  0, 1.57, 0
-0.7842070460319519, -1.5083154439926147, -1.832903504371643,  0, 1.57, 0
-0.7842070460319519, -1.5083149671554565, -1.8329037427902222,  0, 1.57, 0
-0.7842071056365967, -1.5083154439926147, -1.8329038619995117,  0, 1.57, 0
-0.7842073440551758, -1.5083153247833252, -1.83290433883667,  0, 1.57, 0
-0.7842074036598206, -1.5083162784576416, -1.8329029083251953,  0, 1.57, 0
-0.7842074036598206, -1.5083154439926147, -1.8329038619995117,  0, 1.57, 0
-0.7842065691947937, -1.5083163976669312, -1.8329042196273804,  0, 1.57, 0
-0.7842073440551758, -1.5083165168762207, -1.8329036235809326,  0, 1.57, 0
-0.7842071652412415, -1.5083153247833252, -1.8329038619995117,  0, 1.57, 0
-0.784206748008728, -1.5083158016204834, -1.8329027891159058,  0, 1.57, 0
-0.784206748008728, -1.5083138942718506, -1.83290433883667,  0, 1.57, 0
-0.784207284450531, -1.508315920829773, -1.8329036235809326,  0, 1.57, 0
-0.7842073440551758, -1.508314847946167, -1.83290433883667,  0, 1.57, 0
-0.7842070460319519, -1.508315086364746, -1.832904577255249,  0, 1.57, 0
-0.7842069864273071, -1.5083155632019043, -1.8329046964645386,  0, 1.57, 0
-0.7842072248458862, -1.5083153247833252, -1.8329042196273804,  0, 1.57, 0
-0.7842074036598206, -1.508315920829773, -1.8329041004180908,  0, 1.57, 0
-0.784207284450531, -1.5083162784576416, -1.832903504371643,  0, 1.57, 0
-0.784207284450531, -1.5083158016204834, -1.832903504371643,  0, 1.57, 0
-0.7842070460319519, -1.5083160400390625, -1.832902431488037,  0, 1.57, 0
-0.7842074036598206, -1.508315920829773, -1.832903265953064,  0, 1.57, 0
-0.7842071056365967, -1.5083163976669312, -1.8329026699066162,  0, 1.57, 0
-0.7842069268226624, -1.508314609527588, -1.83290433883667,  0, 1.57, 0
-0.7842073440551758, -1.508314609527588, -1.8329039812088013,  0, 1.57, 0
-0.7842071652412415, -1.5083144903182983, -1.8329039812088013,  0, 1.57, 0
-0.7842070460319519, -1.5083142518997192, -1.8329044580459595,  0, 1.57, 0
-0.7842069268226624, -1.5083149671554565, -1.8329044580459595,  0, 1.57, 0
-0.7842072248458862, -1.5083162784576416, -1.832903504371643,  0, 1.57, 0
-0.7842073440551758, -1.508314847946167, -1.8329039812088013,  0, 1.57, 0
-0.7842069864273071, -1.5083149671554565, -1.8329041004180908,  0, 1.57, 0
-0.7842077612876892, -1.5083158016204834, -1.8329041004180908,  0, 1.57, 0
-0.784206748008728, -1.508316159248352, -1.83290433883667,  0, 1.57, 0
-0.7842075824737549, -1.5083168745040894, -1.8329038619995117,  0, 1.57, 0
-0.7842069268226624, -1.508315086364746, -1.8329054117202759,  0, 1.57, 0
-0.7842069268226624, -1.5083165168762207, -1.8329039812088013,  0, 1.57, 0
-0.7842071056365967, -1.508314609527588, -1.8329041004180908,  0, 1.57, 0
-0.7842073440551758, -1.5083155632019043, -1.8329036235809326,  0, 1.57, 0
-0.7842064499855042, -1.508315086364746, -1.8329030275344849,  0, 1.57, 0
-0.7842071056365967, -1.508314847946167, -1.832903265953064,  0, 1.57, 0
-0.784207284450531, -1.5083156824111938, -1.8329030275344849,  0, 1.57, 0
-0.7842075824737549, -1.5083160400390625, -1.8329038619995117,  0, 1.57, 0
-0.784207284450531, -1.5083153247833252, -1.8329042196273804,  0, 1.57, 0
-0.7842073440551758, -1.5083155632019043, -1.8329044580459595,  0, 1.57, 0
-0.7842065095901489, -1.5083155632019043, -1.83290433883667,  0, 1.57, 0
-0.7842074036598206, -1.5083165168762207, -1.8329037427902222,  0, 1.57, 0
-0.7842068076133728, -1.508315920829773, -1.8329036235809326,  0, 1.57, 0
-0.7842077612876892, -1.5083155632019043, -1.8329037427902222,  0, 1.57, 0
-0.7842071652412415, -1.5083152055740356, -1.8329036235809326,  0, 1.57, 0
-0.7842071652412415, -1.5083155632019043, -1.8329029083251953,  0, 1.57, 0
-0.7842068076133728, -1.5083138942718506, -1.8329036235809326,  0, 1.57, 0
-0.7842071056365967, -1.5083128213882446, -1.8329051733016968,  0, 1.57, 0
-0.7842071652412415, -1.5083155632019043, -1.8329033851623535,  0, 1.57, 0
-0.7842075228691101, -1.508315086364746, -1.8329041004180908,  0, 1.57, 0
-0.784207284450531, -1.5083147287368774, -1.832903265953064,  0, 1.57, 0
-0.7842071652412415, -1.5083143711090088, -1.8329042196273804,  0, 1.57, 0
-0.7842069268226624, -1.5083142518997192, -1.8329037427902222,  0, 1.57, 0
-0.7842075824737549, -1.5083143711090088, -1.8329033851623535,  0, 1.57, 0
-0.7842069864273071, -1.5083152055740356, -1.8329029083251953,  0, 1.57, 0
-0.7842073440551758, -1.508315086364746, -1.83290433883667,  0, 1.57, 0
-0.7842068076133728, -1.508315086364746, -1.8329037427902222,  0, 1.57, 0
-0.7842071056365967, -1.508314609527588, -1.8329049348831177,  0, 1.57, 0
-0.7842072248458862, -1.5083160400390625, -1.8329030275344849,  0, 1.57, 0
-0.7842066884040833, -1.5083142518997192, -1.832904577255249,  0, 1.57, 0
-0.7842076420783997, -1.5083155632019043, -1.8329033851623535,  0, 1.57, 0
-0.7842071652412415, -1.508315920829773, -1.832903504371643,  0, 1.57, 0
-0.7842071056365967, -1.508316159248352, -1.8329026699066162,  0, 1.57, 0
-0.7842074632644653, -1.5083149671554565, -1.8329033851623535,  0, 1.57, 0
-0.7842068076133728, -1.5083143711090088, -1.8329030275344849,  0, 1.57, 0
-0.7842075228691101, -1.508315086364746, -1.8329031467437744,  0, 1.57, 0
-0.7842071652412415, -1.508314847946167, -1.8329033851623535,  0, 1.57, 0
-0.7842074632644653, -1.508315920829773, -1.8329025506973267,  0, 1.57, 0
-0.7842071056365967, -1.5083147287368774, -1.8329038619995117,  0, 1.57, 0
-0.7842068672180176, -1.5083136558532715, -1.83290433883667,  0, 1.57, 0
-0.7842074036598206, -1.508315920829773, -1.8329030275344849,  0, 1.57, 0
-0.7842070460319519, -1.5083156824111938, -1.8329037427902222,  0, 1.57, 0
-0.7842071056365967, -1.5083155632019043, -1.8329038619995117,  0, 1.57, 0
-0.7842068672180176, -1.508315920829773, -1.8329033851623535,  0, 1.57, 0
-0.7842070460319519, -1.5083154439926147, -1.83290433883667,  0, 1.57, 0
-0.7842068672180176, -1.5083156824111938, -1.8329033851623535,  0, 1.57, 0
